0.227227 0.361511
0.291404 0.509848
0.024450 0.079132
0.134291 0.125919
0.509937 0.823815
0.415425 0.189098
0.931878 0.501925
0.367495 0.251752
0.408308 0.674157
0.584837 0.145604
0.842593 0.781672
0.616858 0.915144
0.391802 0.788032
0.666190 0.804730
0.026436 0.293241
0.444172 0.592498
0.349881 0.813894
0.694363 0.155036
0.382082 0.717365
0.758946 0.393820
0.454327 0.248197
0.833470 0.557756
0.710640 0.191265
0.232098 0.555713
0.966198 0.978991
0.068532 0.068799
0.834287 0.468857
0.247066 0.144135
0.100711 0.192615
0.553714 0.480284
0.298215 0.610076
0.939108 0.798973
0.313322 0.788032
0.792895 0.538656
0.644175 0.968835
0.123586 0.602456
0.620300 0.693309
0.078354 0.046407
0.493891 0.499173
0.164002 0.403441
0.817058 0.728799
0.863357 0.804429
0.930636 0.649102
0.080582 0.179599
0.707538 0.911546
0.994424 0.602043
0.917243 0.361695
0.450167 0.269535
0.707923 0.345435
0.979054 0.711726
0.738832 0.952942
0.898224 0.556878
0.437954 0.091643
0.714700 0.595560
0.708550 0.885914
0.233724 0.938362
0.163145 0.663890
0.354758 0.780457
0.624576 0.710753
0.527694 0.657940
0.201169 0.043052
0.237371 0.109171
0.716699 0.690027
0.686212 0.338949
0.655691 0.355646
0.052816 0.824127
0.070743 0.878979
0.318629 0.796377
0.090947 0.610728
0.675253 0.191124
0.769106 0.680209
0.951800 0.961240
0.010328 0.139730
0.334629 0.619906
0.235718 0.142303
0.891104 0.499121
0.252270 0.633777
0.054514 0.488666
0.523679 0.521963
0.279034 0.954886
0.666715 0.922998
0.531643 0.129490
0.533869 0.879141
0.152141 0.505621
0.685442 0.892386
0.882952 0.681789
0.402809 0.724743
0.547110 0.653810
0.649527 0.178709
0.935890 0.770736
0.548052 0.990400
0.956749 0.442798
0.007235 0.543035
0.987787 0.217755
0.109389 0.839862
0.686680 0.026554
0.745609 0.063374
0.210052 0.240077
0.774148 0.091532
0.913498 0.675784
